import random
import math
import numpy

def fitness_function(problem, generation):
    graph = problem

    fitnesses = []
    for gene in generation:
        fitness = 0
        for j in range(len(gene)):
            if j == len(gene) - 1:
                fitness += graph[gene[j]][gene[0]]
            else:
                fitness += graph[gene[j]][gene[j+1]]
        fitnesses.append(fitness)
    return fitnesses

def tournament_selection(fitnesses, tournament_size):
    parent_indices = set()
    while len(parent_indices) < 2:
        tournament = []
        for _ in range(tournament_size):
            tournament.append(math.floor(random.uniform(0, len(fitnesses))))
        
        min_fitness = float("inf")
        for participant in tournament:
            if min_fitness > fitnesses[participant]:
                parent_index = participant
                min_fitness = fitnesses[participant]

        parent_indices.add(parent_index)
    
    return list(parent_indices)

def create_edge_table(parent_1, parent_2):
    edge_table = [set() for i in range(len(parent_1))]
    for i in range(len(parent_1)):
        if i == len(parent_1) - 1:
            edge_table[parent_1[i]].add((parent_1[0], False))
            edge_table[parent_1[0]].add((parent_1[i], False))
        else:
            edge_table[parent_1[i]].add((parent_1[i + 1], False))
            edge_table[parent_1[i + 1]].add((parent_1[i], False))
    for i in range(len(parent_2)):
        if i == len(parent_2) - 1:
            if (parent_2[0], False) in edge_table[parent_2[i]]:
                edge_table[parent_2[i]].remove((parent_2[0], False))
                edge_table[parent_2[i]].add((parent_2[0], True))
                edge_table[parent_2[0]].remove((parent_2[i], False))
                edge_table[parent_2[0]].add((parent_2[i], True))
            else:
                edge_table[parent_2[i]].add((parent_2[0], False))
                edge_table[parent_2[0]].add((parent_2[i], False))
        else:
            if (parent_2[i + 1], False) in edge_table[parent_2[i]]:
                edge_table[parent_2[i]].remove((parent_2[i + 1], False))
                edge_table[parent_2[i]].add((parent_2[i + 1], True))
                edge_table[parent_2[i + 1]].remove((parent_2[i], False))
                edge_table[parent_2[i + 1]].add((parent_2[i], True))
            else:
                edge_table[parent_2[i]].add((parent_2[i + 1], False))
                edge_table[parent_2[i + 1]].add((parent_2[i], False))
    return edge_table
 
def edge_recombination_crossover(parent_1, parent_2):
    edge_table = create_edge_table(parent_1, parent_2)

    current = math.floor(random.uniform(0, len(parent_1)))
    child = [current]
    while len(child) < len(parent_1):
        edges = edge_table[current]

        # calculate common_edge_list and smallest_edge_list
        common_edge_list = []
        smallest_edge_list_size = float("inf")
        smallest_edge_list = []
        for edge in edges:
            if edge[1]:
                common_edge_list.append(edge[0])
            else:
                edge_list = edge_table[edge[0]]
                if len(edge_list) < smallest_edge_list_size:
                    smallest_edge_list_size = len(edge_list)
                    smallest_edge_list = [edge[0]]
                elif len(edge_list) == smallest_edge_list_size:
                    smallest_edge_list.append(edge[0])
        
        # pick based on common_edge_list, smallest_edge_list, or last vertex
        if len(common_edge_list) != 0:
            next = common_edge_list[math.floor(random.uniform(0, len(common_edge_list)))]
        elif len(smallest_edge_list) != 0:
            next = smallest_edge_list[math.floor(random.uniform(0, len(smallest_edge_list)))]
        else:
            for i in range(len(edge_table)):
                if edge_table[i] != None and i != current:
                    next = i
                    break

        # remove current edge from edge_table
        for edge in edges:
            edge_table[edge[0]].remove((current, edge[1]))
        edge_table[current] = None

        current = next
        child.append(current)
    return child

def simple_inversion(gene, i, j):
    new_gene = list(gene[0:i])
    new_gene.extend(list(gene[j:i:-1]))
    new_gene.append(gene[i])
    new_gene.extend(list(gene[j + 1:]))
    return new_gene

def simple_inversion_mutation(gene, p_m):
    if random.uniform(0, 1) < p_m:
        n = len(gene)
        i = math.floor(random.uniform(1, n))
        if i == 1:
            j = math.floor(random.uniform(i + 1, n - 1))
        else:
            j = math.floor(random.uniform(i + 1, n))

        new_gene = simple_inversion(gene, i, j)
        return new_gene
    else:
        return gene

def generate_initial_generation(popsize, genesize):
    initial_generation = []
    for _ in range(popsize):
        gene = list(numpy.random.permutation(genesize))
        initial_generation.append(gene)
    return initial_generation

def determine_n_best(list, n):
    local_list = list.copy()

    indices = []
    for _ in range(n):
        min_element = float("inf")
        for i in range(len(local_list)):
            if local_list[i] < min_element:
                index = i
                min_element = local_list[i]
        local_list[index] = float("inf")
        indices.append(index)
    return indices

def generational_ga(problem):
    graph = problem

    parameters = {
        "popsize": 1000,
        "maxgen": 200,
        "fitness_function": fitness_function,
        "elitism": 5,
        "parent_selection": tournament_selection,
        "tournament_size": 5,
        "recombination_operator": edge_recombination_crossover,
        "mutation_operator": simple_inversion_mutation,
        "p_m": 0.10,
    }

    current_generation = generate_initial_generation(parameters["popsize"], len(graph))
    for n in range(parameters["maxgen"]):
        fitnesses = parameters["fitness_function"](problem, current_generation)

        next_generation = []
        elites = determine_n_best(fitnesses, parameters["elitism"])
        for elite in elites:
            next_generation.append(current_generation[elite])

        while len(next_generation) < len(current_generation):
            [parent_1_index, parent_2_index] = parameters["parent_selection"](fitnesses, parameters["tournament_size"]) 
            child = parameters["recombination_operator"](current_generation[parent_1_index], current_generation[parent_2_index])
            child = parameters["mutation_operator"](child, parameters["p_m"])
            next_generation.extend([child])
        current_generation = next_generation
        
    fitnesses = parameters["fitness_function"](problem, current_generation)

    return min(fitnesses)
    
            
if __name__ == '__main__':
    problem = [[0.0, 0.49135065815149764, 0.2965274197504902, 0.4738587578206973, 0.3056940853562046, 0.32957549892583327, 0.6440066923386693, 0.30498381333902874, 0.24480761883518493, 0.195662091269354, 0.17455507314778737, 0.3659553445684085, 0.22226498881731738, 0.31652971314957584, 0.2986073299136844, 0.17790942855391398, 0.4805768971070961, 0.3014329780887482, 0.5067357472995427, 0.2701426299189507, 0.6451596104219233, 0.08126143045360601, 0.4133991602785342, 0.3536736204828063, 0.41265995343166223, 0.6628493072506412, 0.5265554850353606, 0.3029186718620426, 0.4515862586384253, 0.5945657163133489, 0.1980394952919325, 0.4496757605236021, 0.3861913253764469, 0.18551481273619747, 0.16323524422519017, 0.03059287282188353, 0.2933337864957569, 0.25506301680036947, 0.4010373913646674, 0.4713856480205967, 0.27101495111517715, 0.7976289855229446, 0.23824788630182456, 0.4331345864160999, 0.34668166666596933, 0.6083885032928883, 0.569307537787641, 0.37667683152676773, 0.3717298266939135, 0.28834731116455786, 0.26053235884766723, 0.5177540186824648, 0.16744542282556316, 0.6425733400436068, 0.33818386983108484, 0.46061522493490364, 0.26708860857412503, 0.4083076808308443, 0.061404292506427816, 0.49822035347250476, 0.6726416192034895, 0.26524182076658687, 0.5230170967075706, 0.39553138099784385, 0.11404606645087674, 0.2845436833839696, 0.34003907440905845, 0.6689586841272378, 0.3079017723737891, 0.614544698471929, 0.15396121180072078, 0.5368667166205988, 0.6744947815056206, 0.4305497549189248, 0.48106037046592814, 0.4807065747202887, 0.14728681599785995, 0.6301478885729417, 0.355646426074427, 0.3872141138409, 0.2961875099737124, 0.49737143966690284, 0.6767264912912198, 0.29762233719480186, 0.376190701866202, 0.19974233617645493, 0.5705680966233867, 0.5517779064129936, 0.3813163813032056, 0.4461291114321206, 0.27981565126675323, 0.33368749527176417, 0.096851766326167, 0.5901274442854965, 0.11453782668538882, 0.3786489993725657, 0.6291949183279003, 0.6305188974183248, 0.23687274482397983, 0.14921179964721365], [0.49135065815149764, 0.0, 0.7533374874893127, 0.4793706015458574, 0.5272845530350908, 0.25143947738824596, 0.8636359236716359, 0.6135246557317761, 0.6400017532144577, 0.515834912944418, 0.6398665671464638, 0.22342730235321712, 0.28027022871982327, 0.5074570014805214, 0.750630562558836, 0.4957208984386027, 0.3250867997860835, 0.7927190659823141, 0.9871681460475661, 0.2574999445994138, 1.1269391670405076, 0.4775228263215756, 0.8134335613209291, 0.3070801941555714, 0.3437621431923722, 0.8386264590971939, 0.8657082722997903, 0.1885019971092485, 0.5631987147955568, 0.7656411093672711, 0.305689662107733, 0.6023143275429365, 0.4977934442776489, 0.4441828217869915, 0.4929713196272607, 0.5118678431310939, 0.6123808958103186, 0.33307542696805104, 0.8638539413152164, 0.7558501445657241, 0.730498979221221, 0.9587365030825247, 0.3597167893702282, 0.13531177319849322, 0.4292557737904225, 0.5176571075359425, 0.41621987026210094, 0.6400408971688313, 0.29941357998450563, 0.5578771908882194, 0.5848070702372632, 0.829008214510825, 0.6349493099116269, 0.5175119711870625, 0.15317107940587008, 0.049856576525830164, 0.2952885346554701, 0.2871559112433532, 0.4724131123470962, 0.6307873882493065, 0.33665777412267256, 0.756534912326731, 0.8894643124816761, 0.1322186713100376, 0.49104147415779914, 0.7454232460142444, 0.2868605905346826, 0.8255328047461346, 0.3752053575722878, 0.5146291582818457, 0.4814713792955441, 0.37007421584805067, 0.8705136796207066, 0.8852090440556019, 0.602321088805087, 0.42839180922921316, 0.6022765572475591, 0.46910292257836217, 0.22931406083150527, 0.20600109221958468, 0.6689858121412432, 0.985276149422784, 0.6212752087498318, 0.40972012037143024, 0.8669865207711377, 0.6285634486673088, 0.6626203385698436, 0.9920113528946549, 0.143593135967722, 0.5990980673351982, 0.5410502597352773, 0.7613855111630794, 0.5789617370190371, 0.8619554655435163, 0.4067192987775515, 0.4355323651439398, 0.9218478405788536, 0.39106319845907717, 0.41899607874970235, 0.4982623518814539], [0.2965274197504902, 0.7533374874893127, 0.0, 0.7539988401754697, 0.5585595618909954, 0.6247629390043105, 0.8223596595186482, 0.513255837020825, 0.14056981656474485, 0.44679341381701454, 0.12212079808388941, 0.6599921630819563, 0.5098255455938197, 0.5777000005305657, 0.35261098583449485, 0.4394439171519069, 0.7766842593211436, 0.17327699731864216, 0.40038985189659, 0.5004315955570218, 0.5091822681565061, 0.2784135566293296, 0.49735424287398455, 0.521669814874784, 0.5529139202695722, 0.8617249006401076, 0.6421942087049031, 0.5726095543762467, 0.45534185744640826, 0.8055374908363102, 0.44830916927029435, 0.423024114071547, 0.43037241861804904, 0.46721839839163587, 0.42664472915684043, 0.2669471933641548, 0.2272895189426407, 0.5513282847148727, 0.38205466098387725, 0.6431854357981269, 0.3260396809677062, 0.9878412110127242, 0.5332585154195592, 0.7190023381656591, 0.6298754114876869, 0.8931260242864971, 0.8626916865939152, 0.2973746001701323, 0.5402516705837348, 0.5254302834225576, 0.22667047900732606, 0.6588577840236186, 0.28875020305714266, 0.9301131037061185, 0.605427855184807, 0.7138792003757916, 0.47313760739634975, 0.7048270022743071, 0.349423260540069, 0.7407042412068751, 0.9677974722518813, 0.17917006432044508, 0.6131743552602935, 0.6357792214269545, 0.3823552921879432, 0.3278023432621487, 0.5224474094885119, 0.8761709875637506, 0.5995454294001498, 0.9002218529399281, 0.4235379431334197, 0.832082844635042, 0.8614329177039856, 0.41998574089711854, 0.7304105985794409, 0.7690831788960744, 0.31144566671190504, 0.9220316758794114, 0.6498882350215734, 0.6802607256682491, 0.45795353693461693, 0.35473493663075584, 0.9510144690307695, 0.5840579491300519, 0.1957268235143102, 0.1268417082081158, 0.8163311549695644, 0.5360038025611035, 0.6215680381992839, 0.4211758153939007, 0.5241105132786477, 0.4118864550505493, 0.26643257489606975, 0.745017648062541, 0.3479977866003987, 0.6616016848994368, 0.7621770816209625, 0.9267419933380978, 0.36777900976796324, 0.25902832437521117], [0.4738587578206973, 0.4793706015458574, 0.7539988401754697, 0.0, 0.21215976707937598, 0.2604732837501413, 0.4030565450554326, 0.30238268875964547, 0.7183234098633356, 0.31104692399308004, 0.6383466654591484, 0.26847373377148365, 0.35687358066994773, 0.18625153698769267, 0.528376774424162, 0.3151130148172436, 0.16965862183384856, 0.6831635182482935, 0.7703919792064066, 0.5046587932075447, 0.8964949989732476, 0.5344345399405446, 0.5008306318815708, 0.6293566596526937, 0.6955594024403756, 0.3658338729409576, 0.4793009413466379, 0.4091700942437919, 0.8478897447463819, 0.2969913708329043, 0.46521321701911966, 0.8650391698759979, 0.7720861462273321, 0.2894812790864381, 0.3274797421443453, 0.5039854369602033, 0.7550823168974564, 0.2522356796230238, 0.6275134627853227, 0.35346966975753547, 0.5279454399328065, 0.4800997426405869, 0.2527646951684792, 0.3441053372816136, 0.1273346957842996, 0.14127226983706043, 0.15889414348385106, 0.8283691295860467, 0.6368464032320942, 0.2567173411438654, 0.7207413707417574, 0.42815036947332125, 0.48810408470361655, 0.18262893772528394, 0.41902690038591756, 0.4970734815282624, 0.545060442757817, 0.19277524386160183, 0.413335846700329, 0.16780210908698678, 0.361000885510284, 0.6455562159862124, 0.52238945466667, 0.5112143825508648, 0.3722184331467103, 0.5398538497532067, 0.6031933847442926, 0.34936386403105785, 0.17823141300435566, 0.1497167106177917, 0.3305822328850534, 0.16690479019490226, 0.40122757715850305, 0.6288271046128592, 0.14143883413415445, 0.06065900754406563, 0.4557261031980069, 0.19379267060430536, 0.2674373002104671, 0.27863578283798157, 0.38622624699315516, 0.8000739393768221, 0.2042032113612455, 0.17747240236003006, 0.7540335282720189, 0.6730774212081597, 0.1838068970561261, 0.6912944049981283, 0.5067836325058552, 0.8612346146624533, 0.2493861043117938, 0.5001481206217888, 0.4884892784829406, 0.427676839875468, 0.5012059334983596, 0.09558799915349696, 0.4916776468849297, 0.25486707793063457, 0.6211070818108134, 0.6003829675072353], [0.3056940853562046, 0.5272845530350908, 0.5585595618909954, 0.21215976707937598, 0.0, 0.27641871525942063, 0.36882494739542726, 0.10057298829863809, 0.5453199520960028, 0.11384044508676201, 0.4502619297238007, 0.309122643960809, 0.2939948196689722, 0.028112143859687678, 0.31770923590070144, 0.1280213042742611, 0.31531853029420687, 0.4732117389347919, 0.563494822200602, 0.441501075538655, 0.6938198294313306, 0.3806932519693736, 0.3126844060670515, 0.5643571330127333, 0.6325378313836459, 0.37117102083491244, 0.33902812726977866, 0.38437612355838324, 0.7361010738297427, 0.29837336874431336, 0.37833167945530516, 0.7426580800393696, 0.6637769281280271, 0.13458002731701066, 0.14265606379716494, 0.33256478800696154, 0.5989822170548252, 0.19922265976214615, 0.4210531087330161, 0.23041130965815557, 0.31598802136933124, 0.5063334504213959, 0.17669143287568234, 0.40553321159437977, 0.122699973114429, 0.3524692255767617, 0.3573535319383319, 0.6811733782830911, 0.5772619296532245, 0.045903859367923225, 0.5659533481605863, 0.3019986200120403, 0.28040322551788643, 0.39470004645238105, 0.41002579511012016, 0.5246957487329517, 0.46926875233901927, 0.2804357574386414, 0.24557229554102505, 0.19252762411624905, 0.5333396162882283, 0.4363047836014657, 0.36701607503874345, 0.5039065622637753, 0.1921100679884636, 0.3281430685861117, 0.5412089233612901, 0.3721581623839529, 0.15535433270333243, 0.36140233187400866, 0.15188800970916064, 0.3467086959175364, 0.3904335962601253, 0.42650351373527595, 0.1761974624293663, 0.2494342901279013, 0.25044543728347807, 0.4030015284901849, 0.30122143185785233, 0.33100859047147163, 0.1807582237319827, 0.5898522192027543, 0.3952049840594587, 0.11929818738834405, 0.542828408147191, 0.49442591514051193, 0.26539425253943233, 0.504372912668085, 0.4942184389824679, 0.7389437687085137, 0.03734108804085729, 0.29480168380461697, 0.2930519050252921, 0.3436112444483711, 0.37158114236946665, 0.1424488283183615, 0.3995321639342239, 0.446113718789432, 0.5062755841914727, 0.45053116744875765], [0.32957549892583327, 0.25143947738824596, 0.6247629390043105, 0.2604732837501413, 0.27641871525942063, 0.0, 0.6176413745296795, 0.3662237566068707, 0.5475228891905394, 0.28117909972844096, 0.5027158504659883, 0.03937623405376262, 0.1260937423696284, 0.2560442596684522, 0.5296012147094754, 0.26502317933365327, 0.1704025685113632, 0.6146601381783245, 0.7765687050532111, 0.25228741945487854, 0.915096491819614, 0.356969060642607, 0.5724719842401522, 0.3732609378944946, 0.4378360103395179, 0.5987914743835272, 0.6153685075732593, 0.14944313239083365, 0.6072694672213327, 0.5243513229452247, 0.23068414591204958, 0.6309838896558805, 0.531505529170711, 0.21243212880558351, 0.26650625804722533, 0.3582119368978142, 0.5581003291762876, 0.09311413553187452, 0.6433296019840727, 0.5044121224874458, 0.5144798672748954, 0.7250268765973791, 0.12071152794047875, 0.1320906065883923, 0.18121511207028776, 0.34961887121774365, 0.274660962377521, 0.6173946244040057, 0.37918082112626483, 0.3092923593363915, 0.5244290421525154, 0.5777246775665792, 0.43150194047206675, 0.36927641584423115, 0.15901150836504435, 0.25386150448896694, 0.29626325108217677, 0.09413196450308711, 0.28601986893416853, 0.3905328586305434, 0.34314454614762896, 0.5758958950933198, 0.6412358614064232, 0.2529755204718873, 0.28116373406671663, 0.5292580464032541, 0.3468084235906749, 0.5890097311288104, 0.12395811703124185, 0.3514050289071487, 0.2579875563277169, 0.2319870574901522, 0.6280527781524389, 0.6596178677788538, 0.36254593719904954, 0.22720474038359958, 0.3959512089358046, 0.339017503559275, 0.02900453906669861, 0.06320893373840882, 0.42876322771124664, 0.7854814235140636, 0.444620342533605, 0.15828973245802755, 0.6909934590042582, 0.5156826346175309, 0.43372843251346554, 0.7575541471214018, 0.2474385203790363, 0.6272245251487683, 0.29263792901439034, 0.5301240680343573, 0.3929637856823322, 0.6113045261319753, 0.30035580484680613, 0.19336248234570766, 0.6707022764846149, 0.3126257950663485, 0.39247288863256413, 0.40883741190267947], [0.6440066923386693, 0.8636359236716359, 0.8223596595186482, 0.4030565450554326, 0.36882494739542726, 0.6176413745296795, 0.0, 0.33902372166922345, 0.8563398264312791, 0.4546588631669816, 0.7434177826150944, 0.6407330337642236, 0.6609353342887099, 0.3768455760245287, 0.4785073669885988, 0.4768948215174858, 0.5724481171791715, 0.6787502886263812, 0.6280935769512989, 0.8101631008689586, 0.7099509320795256, 0.7248243413211966, 0.35100091815497797, 0.9331482764089367, 1.0012865385637053, 0.07278912561385556, 0.21962131950623426, 0.746093240061843, 1.0925776703957641, 0.10899984893780368, 0.7468424687803105, 1.0934512446747124, 1.02305263144818, 0.5002952499980367, 0.4903780187415994, 0.6644959339169727, 0.927814910372267, 0.5591745509412177, 0.5120019570855922, 0.17996505189114234, 0.5004605868566538, 0.16638350071894129, 0.5406954308261908, 0.7305558358998121, 0.4364327993889238, 0.4624960637924171, 0.5424157858883465, 1.0152764569179138, 0.9460809617519895, 0.36486871097126644, 0.8977802975176618, 0.1767758431782661, 0.5417466235482994, 0.501557387206484, 0.7678775888906714, 0.8712808694258858, 0.8379144639073962, 0.5812730193216474, 0.5913668802540979, 0.23671086638500846, 0.7516177231741408, 0.6541799165394715, 0.273103662548242, 0.863433132136234, 0.5346427204835409, 0.5023132501586316, 0.9100300068503867, 0.10370464600937165, 0.49615633035630025, 0.4728940063786196, 0.5031432842905117, 0.5646234164022964, 0.044604578627204294, 0.488665660431623, 0.26476946865540146, 0.463320754331057, 0.5307504312318729, 0.5452690515904427, 0.6358092673897577, 0.6576764267183821, 0.3680860887752188, 0.6834904199603212, 0.41220223548174273, 0.46649252884778913, 0.722741745771739, 0.8006495098560245, 0.236124051579444, 0.4726904042293461, 0.8551082195563354, 1.0898705712128807, 0.3781652265035296, 0.42050251982320297, 0.59274745419207, 0.09413855959428963, 0.7304885526223521, 0.42810792568224604, 0.13337457375756634, 0.6356076412456669, 0.8664539842574505, 0.7931363616958776], [0.30498381333902874, 0.6135246557317761, 0.513255837020825, 0.30238268875964547, 0.10057298829863809, 0.3662237566068707, 0.33902372166922345, 0.0, 0.5249546224981236, 0.12086591313468141, 0.41777050558221135, 0.4014478635074085, 0.35951778130028467, 0.12832488171503426, 0.22846027768263938, 0.14462160998003168, 0.41586489163067875, 0.4036371569367026, 0.4680627698200312, 0.4955912673992522, 0.595844858256051, 0.38583830945248077, 0.21243303851012255, 0.6120206454319781, 0.6788031756520909, 0.3610196193354385, 0.25607817247859577, 0.45630287339884623, 0.754455239517772, 0.2970358345733473, 0.42568506481444635, 0.7544876747953855, 0.6860597431746251, 0.1820632248312106, 0.15639988202947042, 0.32592697510404517, 0.5913225690375045, 0.2805313907782902, 0.3251866345439725, 0.17018077736222126, 0.23256631797901756, 0.49453004457968913, 0.2544270855870669, 0.49766285626498336, 0.22326587042721321, 0.4385417706318379, 0.4539668585245113, 0.6778868326176235, 0.6268621878518885, 0.05799137721419315, 0.5604568621874633, 0.2294269845982525, 0.22467260994264623, 0.4823048057538973, 0.4854863953465892, 0.6060773113455328, 0.5161744133768736, 0.3794740023771386, 0.25332236043765877, 0.231608590285876, 0.6337690736397115, 0.3695638639966915, 0.2759576564772561, 0.5758731862769529, 0.19694474223933076, 0.242772314207698, 0.5911041362332714, 0.37036487160110776, 0.25070147634284606, 0.44819308519903184, 0.17003354450399763, 0.4459194082761347, 0.37014363043976645, 0.3280478243348984, 0.2268121680090149, 0.3457616222994349, 0.20375410280124956, 0.49591916369400246, 0.39278324246555774, 0.4242442208614048, 0.08386268916247294, 0.4985549320937476, 0.46662047814270685, 0.2146725929425061, 0.46783213582494876, 0.47045529994523005, 0.30687011592684754, 0.403861273954888, 0.5648505755516721, 0.7509165003867592, 0.07400738464369029, 0.19789029339960504, 0.2607927981745068, 0.29018304486542834, 0.3951343603622962, 0.24212184542753085, 0.3370004857522315, 0.544648569231353, 0.5306348584365674, 0.4541338314410373], [0.24480761883518493, 0.6400017532144577, 0.14056981656474485, 0.7183234098633356, 0.5453199520960028, 0.5475228891905394, 0.8563398264312791, 0.5249546224981236, 0.0, 0.4319806170566822, 0.1181309718582623, 0.5787149496300099, 0.4240400784778889, 0.5587705817197696, 0.41994021009698174, 0.4177865655420008, 0.7109910718787256, 0.2845066907136337, 0.5240185799529891, 0.38274964021863206, 0.6418727884915787, 0.191360305756761, 0.563591008570652, 0.3871576180785557, 0.41416661162313784, 0.8853900239768809, 0.7010936986645812, 0.4692356299964788, 0.32179071504076706, 0.8217919514315014, 0.34269842261422023, 0.2948925163819043, 0.2908997908189237, 0.43029849591841957, 0.403350563535226, 0.21526065738879582, 0.093879069318335, 0.488463343526189, 0.47876902913275227, 0.677099728722017, 0.38978386756426636, 1.0174015090443844, 0.4761566930479289, 0.6239525491441523, 0.591020763025114, 0.8513488772832505, 0.8058936068803935, 0.17783603700742917, 0.4052846188409018, 0.5215427376947301, 0.08655799509069356, 0.7072995326006779, 0.3172973847668075, 0.8841179688352491, 0.49921700714882644, 0.5971780299549055, 0.34946102987109584, 0.6355623804794024, 0.30599909338197895, 0.7366902207199483, 0.8849653415924308, 0.27362026499728126, 0.6814946012160339, 0.5158499880060238, 0.3541682756994139, 0.396497595379794, 0.3905589215002309, 0.8953136748651104, 0.5489302012717409, 0.8571097685386927, 0.39594318231788356, 0.7700367328602244, 0.8914925186868193, 0.5162354215391185, 0.7215173705483083, 0.7225411804856572, 0.32559576465465806, 0.8682924829508175, 0.569357197638719, 0.5963495341701348, 0.4893144159226558, 0.48519926358218457, 0.9214822717849332, 0.5414489829856318, 0.326999615209875, 0.05613917996565342, 0.8105906860894975, 0.6389485355585437, 0.5020909685556961, 0.2925298651887882, 0.5157876717917702, 0.47510517100648053, 0.26452509821226644, 0.789096289263854, 0.24988274180842082, 0.6229164704809995, 0.8164194236924269, 0.8587404958530165, 0.23488235334932495, 0.14412322526648508], [0.195662091269354, 0.515834912944418, 0.44679341381701454, 0.31104692399308004, 0.11384044508676201, 0.28117909972844096, 0.4546588631669816, 0.12086591313468141, 0.4319806170566822, 0.0, 0.3366788878284877, 0.31973377349425036, 0.24751269937289896, 0.13095569645004818, 0.251177489962084, 0.02393842450012259, 0.3750754464206368, 0.3749579843582977, 0.5007800919981733, 0.3765375886806459, 0.6375912081536137, 0.27391856498444794, 0.29803286633604453, 0.49144913475615853, 0.558054439029228, 0.468727020063134, 0.3716052589382177, 0.3465123668018964, 0.6382468687467079, 0.3993601153834745, 0.3055424654120992, 0.6409169560202749, 0.5683937684356295, 0.0716560296271081, 0.03587463509366158, 0.22093579771201866, 0.4884689563895255, 0.18851471395954655, 0.3639061251817215, 0.29080139458180654, 0.23992603114743524, 0.6039520537041106, 0.1607362051145814, 0.412224567326386, 0.19474709598362158, 0.4520861734429775, 0.43919273613293414, 0.5723389166180985, 0.5064984786707323, 0.09285756232353742, 0.45601200647534995, 0.34928990481063643, 0.1788623774114219, 0.4918648478909132, 0.37802653135974923, 0.5025392727262369, 0.3956781141983608, 0.32049351270355025, 0.13826564111377176, 0.30477596828433906, 0.5905915940675666, 0.3366188274938989, 0.38398566007552853, 0.464470265965157, 0.08193205554166932, 0.25413176179749175, 0.4708473017726399, 0.4737876125078407, 0.18927501546970704, 0.46008341817659343, 0.04924870805441597, 0.4189078645984324, 0.4825040775143756, 0.37867805882992106, 0.28979208029057024, 0.33582199635212123, 0.14518745574383, 0.4921879015514192, 0.30984451511986455, 0.3436208278534949, 0.154054844566654, 0.516703956080665, 0.5043991568871614, 0.15999571385717057, 0.4481017083666879, 0.38069152030688563, 0.378654535957828, 0.47775497760891084, 0.45265556406245167, 0.6372740905179093, 0.08439720685393581, 0.24902252263216698, 0.1804562864577527, 0.4107329518121838, 0.27603333798666124, 0.2242772521908847, 0.4577377512934578, 0.5191160181712153, 0.4119478814842692, 0.3435592057968503], [0.17455507314778737, 0.6398665671464638, 0.12212079808388941, 0.6383466654591484, 0.4502619297238007, 0.5027158504659883, 0.7434177826150944, 0.41777050558221135, 0.1181309718582623, 0.3366788878284877, 0.0, 0.5381281596919735, 0.3889176664097223, 0.46711395929395677, 0.30202868376174885, 0.3264497167722624, 0.6550231453246694, 0.1879704675698606, 0.42712531626277955, 0.39250448180875785, 0.5542288273784596, 0.162346601541302, 0.445460527087478, 0.4326816923440678, 0.4743087376617006, 0.7756545265485498, 0.5833756007804618, 0.45590936102124996, 0.42509281378649133, 0.7144902169254778, 0.3342367514085279, 0.4043185844408943, 0.38161005502366996, 0.3495504297672325, 0.31287226255785994, 0.14483782842609402, 0.2064260392144468, 0.4295532339188725, 0.36626617182178267, 0.5636093932124545, 0.2717727419169704, 0.9061059962424757, 0.4120147349114409, 0.5989828805083967, 0.5127673784079234, 0.7761117577945462, 0.7422966515890701, 0.2940471216668633, 0.4517439895886114, 0.42131498512691784, 0.1874103134240064, 0.59086350688679, 0.2019668818846937, 0.8120819361305509, 0.48958874947395564, 0.6026649269748876, 0.37089677576873786, 0.5828456018239295, 0.22899779486545113, 0.637912512061624, 0.8458019148449619, 0.1674336428239667, 0.5633638115113091, 0.5275423038000927, 0.2662567712366825, 0.27879723592396766, 0.42893349356704086, 0.7871777981555853, 0.47956517378089414, 0.7828646814281528, 0.30821410770025337, 0.710879734299369, 0.7797647191849627, 0.4031030662355325, 0.6251749954172212, 0.6505366053393232, 0.2146638486375772, 0.8022832674838982, 0.5279858460162541, 0.5585874294468286, 0.37540190351610614, 0.3972629323682898, 0.8379875877803199, 0.4657360711682981, 0.2475958112381754, 0.06325743610696379, 0.7129875321689373, 0.52717670576201, 0.5131490920181216, 0.4015872581274079, 0.4177920974642419, 0.35697450850682677, 0.15860377560045116, 0.6736451763079896, 0.23319346969221522, 0.5446901415939212, 0.6993609258331347, 0.8050185368867253, 0.28147900765413747, 0.16176892893386163], [0.3659553445684085, 0.22342730235321712, 0.6599921630819563, 0.26847373377148365, 0.309122643960809, 0.03937623405376262, 0.6407330337642236, 0.4014478635074085, 0.5787149496300099, 0.31973377349425036, 0.5381281596919735, 0.0, 0.15475880476004622, 0.2872355740819326, 0.5687039761257215, 0.30399508261946717, 0.15296599571417238, 0.6533209215779002, 0.8158742598359945, 0.26387762694016115, 0.9543409844931586, 0.3892977643774932, 0.6092737308343752, 0.37952792668352625, 0.44165617973357535, 0.6181446816427544, 0.6480015410122658, 0.1543268167915401, 0.6214095095978743, 0.5443927254696833, 0.2526688995738257, 0.6475717385767783, 0.5461724273606571, 0.2515028394421072, 0.30571532486617436, 0.39409905642914145, 0.5849195958737249, 0.1322271932748474, 0.682370958149857, 0.5346839051526877, 0.5537638006076911, 0.7416328447408751, 0.15966930187445283, 0.09645490139049383, 0.20585386841012493, 0.3426322146875717, 0.25923178177654393, 0.6407802173719518, 0.3835493079463883, 0.34402691731304025, 0.5516595735313997, 0.6088360753608852, 0.4708115688553599, 0.3578302077879455, 0.15495776737264888, 0.23213194697434328, 0.3094712457875476, 0.0827442763636063, 0.32410422467839883, 0.40970721350611544, 0.3080781343032175, 0.6146183262628162, 0.6754283964899006, 0.24356208398599988, 0.3204453493578557, 0.568530245883571, 0.35305594887444514, 0.6066767982876092, 0.15421522588381956, 0.3432172005147207, 0.29730846114666076, 0.21401510239100704, 0.6488953351234701, 0.698344966708804, 0.3813609825992469, 0.2275565626844778, 0.4352846580576166, 0.322939447789968, 0.010553130123516946, 0.02394223152895601, 0.4660005972208231, 0.8248489031963521, 0.44128689465628285, 0.1899163286789213, 0.7296581165781809, 0.5488173648189615, 0.4474590249905102, 0.7952894323489638, 0.24017241787597493, 0.643851011119793, 0.32755163450432595, 0.5684962167263223, 0.43154504109794917, 0.6389070167585448, 0.32979713311102976, 0.21298937178466476, 0.6992619310450601, 0.2864981583903497, 0.4131188889042278, 0.43819336311513407], [0.22226498881731738, 0.28027022871982327, 0.5098255455938197, 0.35687358066994773, 0.2939948196689722, 0.1260937423696284, 0.6609353342887099, 0.35951778130028467, 0.4240400784778889, 0.24751269937289896, 0.3889176664097223, 0.15475880476004622, 0.0, 0.2841005548217734, 0.471076750529569, 0.22502797230724494, 0.29569985035071356, 0.5208404747497395, 0.7071732452523136, 0.15287781960682165, 0.8469519045395285, 0.23547558258880696, 0.5438317452651328, 0.27899137190733525, 0.3470571816473044, 0.6552146124403243, 0.6154437409470748, 0.09940981521764461, 0.4921913275659421, 0.5803718677537141, 0.10950687830287388, 0.5122010707095312, 0.41622298940804964, 0.17821343928275132, 0.21944046192289224, 0.24778927812792909, 0.4320149012377306, 0.10856337218230748, 0.5839264212709638, 0.5205237695953686, 0.45037478241076606, 0.7877080281940261, 0.1211288157675809, 0.21104595318007988, 0.24623150157873733, 0.46514304562180114, 0.39818560819863025, 0.49214249438753693, 0.28944974955651964, 0.31068428483768756, 0.3983800338008214, 0.5872211480942425, 0.3549610818230677, 0.48906204147941884, 0.1325411033807758, 0.2592762599464604, 0.1893929193264914, 0.2190157882269339, 0.19366308123869405, 0.4539261614311937, 0.4614683931549504, 0.48331139227858355, 0.6310167922524271, 0.21709147677133872, 0.2114260716911688, 0.4652845124183776, 0.2539589053288979, 0.6508529567821051, 0.18349743095640106, 0.4682100306858713, 0.20672705698095467, 0.3570021853635767, 0.678996576916705, 0.6061403829866411, 0.42831825049006406, 0.3370786925832915, 0.32203010265782606, 0.4624838957555449, 0.1456100069301764, 0.17252840182619952, 0.40105832123426993, 0.707113234802223, 0.5541572414208604, 0.20191098013470332, 0.5965416656106233, 0.395419417485533, 0.5104473438379338, 0.7158787597355927, 0.2055921093138789, 0.5084085827869775, 0.29441488331198956, 0.4850756061824125, 0.30198381355330406, 0.636755194141591, 0.17510907531880113, 0.2706355821182544, 0.690538751480657, 0.4385574672482825, 0.27020003175570134, 0.28358443053384874], [0.31652971314957584, 0.5074570014805214, 0.5777000005305657, 0.18625153698769267, 0.028112143859687678, 0.2560442596684522, 0.3768455760245287, 0.12832488171503426, 0.5587705817197696, 0.13095569645004818, 0.46711395929395677, 0.2872355740819326, 0.2841005548217734, 0.0, 0.3452048543366209, 0.14136012513565402, 0.28757512744466723, 0.4974542285850175, 0.5914438464401269, 0.43420939426885463, 0.7219201474652461, 0.38892065081817107, 0.34001210062304077, 0.5584649649672839, 0.6267985494259086, 0.3738010140767123, 0.3611139991411191, 0.3710078935075425, 0.7384458279522975, 0.29973985649244916, 0.3739034157534481, 0.7468322342683217, 0.6652455542738037, 0.13744172041683878, 0.15558119568889314, 0.34447389622468993, 0.6089739640844056, 0.1842138229123437, 0.4490644714597636, 0.24843748816440103, 0.34282290033053625, 0.5081168350956425, 0.16408709226672144, 0.3833719393398852, 0.09529218826526768, 0.327154993117501, 0.3295275621930382, 0.6896807501394785, 0.5706752426165493, 0.07392084659789677, 0.5755452297330691, 0.3217882989293148, 0.3033544013200254, 0.3688733956237844, 0.3950865119400466, 0.5068809880881529, 0.4641865652590977, 0.25460033272717375, 0.2555041211597002, 0.1848170644831375, 0.5054514836339157, 0.4601643791596881, 0.3911566237429584, 0.489829235731075, 0.20460290160766112, 0.35518298368551676, 0.5347020261583048, 0.37244123282538694, 0.133024983740956, 0.3358683844226937, 0.16296975914046846, 0.318597078228426, 0.3956155357710636, 0.45461563530211263, 0.1652269784116506, 0.22174503746133423, 0.27223619679143835, 0.37587884222247764, 0.279774814608337, 0.30854404614459746, 0.20887034981505778, 0.6173498426122495, 0.3738753692188157, 0.09776425462514297, 0.5678628995533489, 0.5090276346374645, 0.25471441874352185, 0.5318859599159427, 0.48068568184841703, 0.7430897005825585, 0.0637855807391818, 0.3228940157443948, 0.3114106039208301, 0.35814000105786054, 0.3747300348890061, 0.11433740497987853, 0.4158905968075884, 0.41802791528943894, 0.5079513869910602, 0.4584818516651761], [0.2986073299136844, 0.750630562558836, 0.35261098583449485, 0.528376774424162, 0.31770923590070144, 0.5296012147094754, 0.4785073669885988, 0.22846027768263938, 0.41994021009698174, 0.251177489962084, 0.30202868376174885, 0.5687039761257215, 0.471076750529569, 0.3452048543366209, 0.0, 0.2648404600901538, 0.6220140909746158, 0.20026556003266302, 0.2500252243275192, 0.5627790309767452, 0.38643336699528286, 0.36606866416104294, 0.14562501518628604, 0.6522582149713246, 0.7102720326386099, 0.5262441458636361, 0.2895882834338485, 0.5683332810537575, 0.7155608689806688, 0.48044531438740207, 0.48820059797616494, 0.7007351670341385, 0.6612128850098306, 0.3172012566558489, 0.2632427415459595, 0.2984004316808949, 0.5073754722194437, 0.4365010611172311, 0.11395165313965819, 0.3046667002589311, 0.030689488844431893, 0.6448842182693498, 0.4090533088828409, 0.658429939645146, 0.4327916018609453, 0.6663762842230395, 0.6745009354497994, 0.5957309108068113, 0.6703371446167188, 0.27215556209865327, 0.48495785980033657, 0.3085509677706466, 0.13135516810782144, 0.7097807360198005, 0.6028731182465711, 0.7298490305649824, 0.5647226802813334, 0.571197800842769, 0.2877154078860562, 0.45142187440652093, 0.8394521845268526, 0.17711515713622383, 0.2631028110756899, 0.6772013100065329, 0.2596879988253433, 0.024808673783178085, 0.6384572476103245, 0.5451173119485099, 0.4390947796447134, 0.6758596260638811, 0.2726837206392178, 0.6606615487539871, 0.520013331918063, 0.13555999409203284, 0.451257129520623, 0.5669307087555918, 0.1548760654713881, 0.7205829754057625, 0.5585484683827586, 0.5926455546486664, 0.1465089801782378, 0.2721498550801506, 0.6937912841091554, 0.40732296992461575, 0.2504578320364634, 0.3651745246395064, 0.523933720192615, 0.2533643571915177, 0.6637325588942067, 0.697728326960662, 0.2815608210875864, 0.05946421619663647, 0.2038970101183401, 0.39579457404336776, 0.41314482925885215, 0.4576666806433827, 0.4096840174376338, 0.760920488328901, 0.5267049536288366, 0.4156864994208125], [0.17790942855391398, 0.4957208984386027, 0.4394439171519069, 0.3151130148172436, 0.1280213042742611, 0.26502317933365327, 0.4768948215174858, 0.14462160998003168, 0.4177865655420008, 0.02393842450012259, 0.3264497167722624, 0.30399508261946717, 0.22502797230724494, 0.14136012513565402, 0.2648404600901538, 0.0, 0.3679868057592043, 0.37691382496245, 0.5132537293709328, 0.3526512961286663, 0.6509894554738348, 0.2545018313448619, 0.3193263676326684, 0.4675521276400831, 0.5342100166860699, 0.4893677957290124, 0.39540583933099405, 0.32425533501028647, 0.6166597819203242, 0.4192064208578569, 0.2816045122292537, 0.6202012928724767, 0.5463200525642677, 0.052764082140713306, 0.014674226373239193, 0.20454350993203096, 0.471239056193343, 0.1719268025732377, 0.37838990121442456, 0.31436613662028673, 0.2513146856433898, 0.6247313140884626, 0.14433430005177714, 0.3950356309925749, 0.19434821318272927, 0.4553656543020139, 0.4369262034592604, 0.5541416851436034, 0.48257442465392614, 0.11320591527541378, 0.4383974769826885, 0.373217594144843, 0.18153320746043594, 0.494051725741085, 0.35618791719919973, 0.4812730180669627, 0.37176656272822983, 0.31001752116259107, 0.11867524492780387, 0.32044828643366, 0.5815403645652845, 0.3381538195782635, 0.40720444348968965, 0.4417395153649809, 0.06409191310647429, 0.2658572327279117, 0.44691539142568487, 0.4936110665879641, 0.1810654005949535, 0.4629724010734747, 0.026252769769933695, 0.4142995619170159, 0.5040308513861347, 0.3948426648012008, 0.30400689242830004, 0.3357502120477066, 0.1464014094644681, 0.49173181037681674, 0.29390726569007924, 0.3279355703819035, 0.17603654255032714, 0.5265520444459831, 0.5119593529644018, 0.1549097872040951, 0.4511994392811102, 0.36768744041507734, 0.3933491586216134, 0.4966950688384901, 0.4297908821935592, 0.6165381797521471, 0.10274446026741074, 0.2668250608442298, 0.1734115220167126, 0.4342377315592813, 0.25359401734618153, 0.22509618434879033, 0.4815720415935054, 0.5140578843232079, 0.3895598866990544, 0.3243315941730394], [0.4805768971070961, 0.3250867997860835, 0.7766842593211436, 0.16965862183384856, 0.31531853029420687, 0.1704025685113632, 0.5724481171791715, 0.41586489163067875, 0.7109910718787256, 0.3750754464206368, 0.6550231453246694, 0.15296599571417238, 0.29569985035071356, 0.28757512744466723, 0.6220140909746158, 0.3679868057592043, 0.0, 0.7426299259819316, 0.871715768617424, 0.4168140479271368, 1.005457354629055, 0.5196319695487412, 0.6273338284077026, 0.531501924021269, 0.5922482300277571, 0.5349564096085726, 0.6308858169817545, 0.30695406497945354, 0.7742169878653209, 0.4666482129425386, 0.4009993618300297, 0.7997003958256598, 0.6988528272057069, 0.32298917639671887, 0.3753942018749597, 0.5107211496212156, 0.7268667869216042, 0.22552318205405025, 0.7310875685351664, 0.5071971788990421, 0.6139276394705091, 0.6452025579706953, 0.24398472491619416, 0.19439579092538734, 0.19279938802524044, 0.19645700464730464, 0.1062949922003419, 0.787661151